0.2;0.1;-0.16666666666666666;1.0;0.2
0.1;0.2;0.07407407407407407;1.0;0.1
0.2;0.2;-0.1111111111111111;1.0;0.2
0.2;0.2;-0.1111111111111111;1.0;0.2
0.1;-0.0;-0.2222222222222222;1.0;0.1
0.0;0.1;0.05555555555555555;1.0;0.0
0.3;0.3;-0.1111111111111111;1.0;0.3
0.3;0.3;-0.1111111111111111;1.0;0.3
0.2;0.1;-0.16666666666666666;1.0;0.2
0.1;0.2;0.07407407407407407;1.0;0.1
0.4;0.1;-0.2777777777777778;1.0;0.4
0.1;0.4;0.044444444444444446;1.0;0.1
0.0;0.1;0.05555555555555555;0.0;0.0
0.1;-0.0;-0.2222222222222222;0.0;0.1
0.3;-0.0;-0.4444444444444444;1.0;0.3
0.0;0.3;0.027777777777777776;1.0;0.0
0.1;0.1;-0.1111111111111111;1.0;0.1
0.1;0.1;-0.1111111111111111;1.0;0.1
0.0;-0.0;-0.1111111111111111;1.0;0.0
0.0;-0.0;-0.1111111111111111;1.0;0.0
0.2;0.15;0.05555555555555555;1.0;0.0
0.2;0.2;-0.3333333333333333;1.0;0.2
0.2;0.2;-0.1111111111111111;1.0;0.0
0.4;0.25;-0.2777777777777778;0.0;0.4
0.15;0.2;0.044444444444444446;0.0;0.1
0.0;0.1;-0.1111111111111111;1.0;0.0
0.3;0.4;0.03703703703703703;1.0;0.0
0.35;0.3;-0.2222222222222222;0.0;0.1
0.2;0.15;0.05555555555555555;0.0;0.0
0.2;0.3;-0.1111111111111111;1.0;0.2
0.5;0.2;-0.1111111111111111;1.0;0.2
0.1;0.4;-0.1111111111111111;1.0;0.0
0.0;0.15;0.05555555555555555;1.0;0.0
0.15;-0.0;-0.2222222222222222;1.0;0.1
0.3;0.1;0.03703703703703703;1.0;0.0
0.05;0.3;-0.2222222222222222;1.0;0.1
0.1;0.15;0.05555555555555555;1.0;0.0
0.15;0.1;-0.2222222222222222;1.0;0.1
0.0;-0.0;-0.1111111111111111;1.0;0.0
0.1;-0.0;-0.3333333333333333;1.0;0.2
0.23333333333333334;0.15;-0.2222222222222222;1.0;0.1
0.2;0.23333333333333334;0.05555555555555555;1.0;0.0
0.2;0.23333333333333334;0.05555555555555555;1.0;0.0
0.4;0.2833333333333333;0.05555555555555555;1.0;0.0
0.15;0.2;-0.1111111111111111;1.0;0.0
0.0;0.2;0.027777777777777776;1.0;0.0
0.33333333333333337;0.4;-0.2222222222222222;1.0;0.1
0.38333333333333336;0.33333333333333337;-0.1111111111111111;1.0;0.1
0.3;0.15;-0.4444444444444444;1.0;0.3
0.23333333333333334;0.36666666666666664;0.07407407407407407;1.0;0.1
0.5333333333333333;0.2;-0.2222222222222222;1.0;0.1
0.1;0.4333333333333333;0.05555555555555555;1.0;0.0
0.03333333333333333;0.18333333333333332;-0.1111111111111111;1.0;0.1
0.15;-0.0;-0.1111111111111111;1.0;0.0
0.33333333333333337;0.1;-0.2222222222222222;1.0;0.1
0.08333333333333334;0.33333333333333337;-0.1111111111111111;1.0;0.1
0.16666666666666669;0.18333333333333332;-0.16666666666666666;1.0;0.2
0.15;0.13333333333333333;0.05555555555555555;1.0;0.0
0.03333333333333333;0.03333333333333333;-0.1111111111111111;1.0;0.1
0.13333333333333333;-0.0;-0.2222222222222222;1.0;0.1
0.25833333333333336;0.225;0.05555555555555555;1.0;0.1
0.225;0.2833333333333333;0.07407407407407407;1.0;0.1
0.25;0.23333333333333334;-0.3333333333333333;0.0;0.2
0.475;0.2833333333333333;-0.4444444444444444;1.0;0.3
0.225;0.25;-0.14814814814814814;0.0;0.3
0.025;0.25;0.07407407407407407;1.0;0.1
0.35833333333333334;0.425;-0.1111111111111111;1.0;0.1
0.45833333333333337;0.35833333333333334;-0.2222222222222222;1.0;0.3
0.3;0.15;-0.1111111111111111;1.0;0.0
0.2833333333333333;0.4416666666666666;0.08333333333333333;0.0;0.2
0.5833333333333333;0.25;-0.1111111111111111;1.0;0.2
0.15;0.4583333333333333;-0.16666666666666666;1.0;0.2
0.05833333333333333;0.2333333333333333;0.07407407407407407;1.0;0.1
0.15;0.05;0.03703703703703703;0.0;0.0
0.38333333333333336;0.125;-0.16666666666666666;1.0;0.2
0.08333333333333334;0.33333333333333337;-0.1111111111111111;1.0;0.0
0.2166666666666667;0.20833333333333331;-0.16666666666666666;1.0;0.2
0.2;0.18333333333333332;-0.1111111111111111;1.0;0.2
0.03333333333333333;0.10833333333333332;0.027777777777777776;1.0;0.0
0.15833333333333333;0.025;-0.1111111111111111;1.0;0.1
0.29833333333333334;0.225;-0.3333333333333333;0.0;0.2
0.225;0.32333333333333336;0.03703703703703703;1.0;0.0
0.27;0.25333333333333335;-0.1111111111111111;1.0;0.1
0.5549999999999999;0.30333333333333334;-0.2777777777777778;1.0;0.4
0.265;0.25;-0.3333333333333333;1.0;0.2
0.025;0.29;0.03703703703703703;0.0;0.0
0.41833333333333333;0.445;-0.2222222222222222;1.0;0.3
0.5183333333333334;0.35833333333333334;-0.4444444444444444;1.0;0.3
0.36;0.19;-0.14814814814814814;0.0;0.3
0.2833333333333333;0.46166666666666656;0.05555555555555555;1.0;0.0
0.6033333333333333;0.25;-0.2222222222222222;1.0;0.1
0.15;0.47833333333333333;0.05555555555555555;1.0;0.0
0.07833333333333332;0.2333333333333333;-0.2222222222222222;1.0;0.1
0.16999999999999998;0.11000000000000001;0.05555555555555555;1.0;0.1
0.4033333333333333;0.125;-0.2222222222222222;1.0;0.1
0.10333333333333335;0.3533333333333334;-0.1111111111111111;1.0;0.1
0.23666666666666672;0.2883333333333333;0.044444444444444446;1.0;0.1
0.24;0.24333333333333332;0.08333333333333333;0.0;0.2
0.03333333333333333;0.1683333333333333;0.027777777777777776;1.0;0.0
0.15833333333333333;0.045;0.05555555555555555;1.0;0.0
0.2983333333333333;0.24166666666666664;0.05555555555555555;1.0;0.0
0.225;0.35666666666666663;0.03703703703703703;1.0;0.0
0.28666666666666674;0.28666666666666674;0.07407407407407407;1.0;0.1
0.5716666666666665;0.3533333333333334;0.05555555555555555;0.0;0.1
0.265;0.25;-0.1111111111111111;1.0;0.0
0.025;0.30666666666666664;0.05555555555555555;1.0;0.0
0.41833333333333333;0.4783333333333334;0.03703703703703703;1.0;0.0
0.5516666666666669;0.39166666666666666;-0.1111111111111111;0.0;0.2
0.39333333333333337;0.18999999999999997;-0.3333333333333333;1.0;0.2
0.3;0.46166666666666656;-0.2222222222222222;1.0;0.1
0.6033333333333334;0.25;-0.1111111111111111;1.0;0.0
0.18333333333333332;0.495;-0.16666666666666666;1.0;0.2
0.12833333333333333;0.24999999999999994;-0.2222222222222222;0.0;0.3
0.18666666666666665;0.11000000000000001;-0.2222222222222222;1.0;0.1
0.43666666666666665;0.125;-0.3333333333333333;1.0;0.2
0.1366666666666667;0.3533333333333334;-0.3333333333333333;1.0;0.2
0.25333333333333335;0.2883333333333333;-0.2222222222222222;1.0;0.1
0.2733333333333333;0.2766666666666666;-0.1111111111111111;0.0;0.2
0.03333333333333333;0.2016666666666666;0.03703703703703703;1.0;0.0
0.15833333333333333;0.06166666666666667;0.05555555555555555;1.0;0.0
0.2983333333333333;0.25595238095238093;0.05555555555555555;1.0;0.0
0.225;0.3709523809523809;0.05555555555555555;1.0;0.0
0.31523809523809526;0.30095238095238097;-0.16666666666666666;1.0;0.2
0.6002380952380951;0.3819047619047619;-0.1111111111111111;1.0;0.2
0.2792857142857143;0.2785714285714286;0.07407407407407407;1.0;0.1
0.039285714285714285;0.3352380952380952;0.07407407407407407;1.0;0.1
0.4469047619047619;0.49261904761904773;-0.16666666666666666;1.0;0.2
0.5516666666666669;0.39166666666666666;-0.1111111111111111;1.0;0.0
0.40761904761904766;0.18999999999999997;-0.2222222222222222;1.0;0.1
0.3142857142857143;0.46166666666666656;-0.2222222222222222;1.0;0.1
0.6319047619047621;0.2642857142857143;-0.16666666666666666;1.0;0.2
0.1976190476190476;0.5092857142857142;-0.1111111111111111;0.0;0.1
0.17119047619047617;0.26428571428571423;-0.2222222222222222;1.0;0.3
0.21523809523809523;0.1242857142857143;-0.16666666666666666;1.0;0.2
0.4509523809523809;0.15357142857142858;0.07407407407407407;1.0;0.1
0.15095238095238098;0.3819047619047619;0.07407407407407407;1.0;0.1
0.26761904761904765;0.30261904761904757;-0.1111111111111111;0.0;0.1
0.30190476190476184;0.3052380952380952;-0.1111111111111111;1.0;0.2
0.047619047619047616;0.2445238095238095;0.05555555555555555;1.0;0.1
0.15833333333333333;0.06166666666666666;-0.1111111111111111;1.0;0.0
0.3108333333333333;0.25595238095238093;-0.2222222222222222;1.0;0.1
0.25;0.39595238095238094;-0.1111111111111111;0.0;0.2
0.31523809523809526;0.313452380952381;0.05555555555555555;1.0;0.0
0.6252380952380951;0.3819047619047619;-0.3333333333333333;1.0;0.2
0.3042857142857143;0.2785714285714286;-0.3333333333333333;1.0;0.2
0.06428571428571428;0.3477380952380952;-0.16666666666666666;1.0;0.2
0.4594047619047619;0.49261904761904773;-0.2222222222222222;1.0;0.1
0.5516666666666669;0.41666666666666663;0.03703703703703703;1.0;0.0
0.42011904761904767;0.20249999999999996;-0.1111111111111111;1.0;0.1
0.3142857142857143;0.4866666666666665;0.03703703703703703;1.0;0.0
0.6569047619047621;0.2767857142857143;-0.16666666666666666;1.0;0.2
0.1976190476190476;0.5092857142857142;-0.1111111111111111;1.0;0.0
0.17119047619047617;0.27678571428571425;0.05555555555555555;1.0;0.0
0.21523809523809523;0.13678571428571432;0.05555555555555555;0.0;0.0
0.47595238095238085;0.17857142857142858;-0.1111111111111111;0.0;0.2
0.15095238095238098;0.3819047619047619;-0.1111111111111111;1.0;0.0
0.28011904761904766;0.3151190476190476;-0.1111111111111111;1.0;0.1
0.31440476190476185;0.3052380952380952;-0.2222222222222222;0.0;0.1
0.060119047619047614;0.2695238095238095;0.07407407407407407;1.0;0.1
0.17083333333333334;0.08666666666666666;0.07407407407407407;1.0;0.1
0.3219444444444444;0.26706349206349206;-0.1111111111111111;1.0;0.1
0.2611111111111111;0.39595238095238094;-0.2222222222222222;1.0;0.1
0.3596825396825397;0.313452380952381;-0.5555555555555556;0.0;0.4
0.6363492063492063;0.3819047619047619;-0.2222222222222222;1.0;0.1
0.3265079365079365;0.28968253968253965;-0.16666666666666666;1.0;0.2
0.06428571428571428;0.35884920634920625;0.05555555555555555;1.0;0.0
0.4816269841269841;0.5037301587301588;-0.16666666666666666;1.0;0.2
0.5738888888888891;0.4277777777777777;-0.16666666666666666;1.0;0.2
0.42011904761904767;0.24694444444444436;0.022222222222222216;0.0;0.0
0.3142857142857143;0.4977777777777777;0.05555555555555555;0.0;0.0
0.6680158730158732;0.2878968253968254;-0.1111111111111111;1.0;0.1
0.2087301587301587;0.5315079365079365;0.07407407407407407;1.0;0.1
0.17119047619047617;0.2878968253968254;0.05555555555555555;1.0;0.0
0.23746031746031745;0.14789682539682542;-0.16666666666666666;1.0;0.2
0.4870634920634919;0.2007936507936508;0.07407407407407407;1.0;0.1
0.16206349206349208;0.3819047619047619;-0.2222222222222222;1.0;0.1
0.2912301587301588;0.3373412698412698;0.07407407407407407;1.0;0.1
0.31440476190476185;0.31634920634920627;0.05555555555555555;1.0;0.0
0.07123015873015873;0.2695238095238095;-0.2222222222222222;0.0;0.1
0.18194444444444444;0.10888888888888888;0.07407407407407407;1.0;0.1
0.3219444444444444;0.2870634920634921;0.03703703703703703;1.0;0.0
0.2611111111111111;0.41595238095238096;0.03703703703703703;1.0;0.0
0.3796825396825397;0.313452380952381;-0.3333333333333333;1.0;0.2
0.6563492063492063;0.38190476190476186;-0.3333333333333333;1.0;0.2
0.34650793650793654;0.29968253968253966;-0.16666666666666666;1.0;0.2
0.06428571428571428;0.36884920634920626;0.05555555555555555;1.0;0.0
0.4916269841269842;0.5037301587301588;-0.2222222222222222;1.0;0.1
0.5738888888888891;0.4477777777777777;0.03703703703703703;0.0;0.0
0.4301190476190476;0.2669444444444443;0.07407407407407407;1.0;0.1
0.3242857142857143;0.4977777777777777;-0.2222222222222222;1.0;0.1
0.6980158730158732;0.2878968253968254;-0.4444444444444444;1.0;0.3
0.23873015873015868;0.5415079365079365;-0.2222222222222222;1.0;0.3
0.17119047619047617;0.2978968253968254;0.05555555555555555;1.0;0.0
0.2574603174603175;0.14789682539682542;-0.3333333333333333;0.0;0.2
0.507063492063492;0.2107936507936508;-0.16666666666666666;1.0;0.2
0.16206349206349208;0.4119047619047619;0.027777777777777776;1.0;0.0
0.2912301587301588;0.3473412698412698;0.05555555555555555;1.0;0.0
0.3244047619047619;0.3363492063492063;0.07407407407407407;1.0;0.1
0.08123015873015874;0.2695238095238095;-0.2222222222222222;1.0;0.1
0.19194444444444442;0.1388888888888889;0.05555555555555555;1.0;0.1
0.3310353535353535;0.2870634920634921;-0.2222222222222222;1.0;0.1
0.2611111111111111;0.41595238095238096;-0.1111111111111111;1.0;0.0
0.39786435786435786;0.313452380952381;-0.3333333333333333;0.0;0.2
0.6836219336219336;0.39099567099567095;-0.2222222222222222;1.0;0.3
0.34650793650793654;0.29968253968253966;-0.1111111111111111;1.0;0.0
0.06428571428571428;0.36884920634920626;-0.1111111111111111;1.0;0.0
0.5188997113997115;0.5128210678210678;-0.2222222222222222;1.0;0.3
0.5738888888888891;0.46595959595959585;0.03703703703703703;0.0;0.0
0.4301190476190476;0.2669444444444443;-0.1111111111111111;1.0;0.0
0.3333766233766234;0.5159595959595958;0.07407407407407407;1.0;0.1
0.7161976911976914;0.3060786435786436;-0.1111111111111111;1.0;0.2
0.25691197691197687;0.5505988455988455;-0.16666666666666666;1.0;0.2
0.18937229437229436;0.2978968253968254;-0.3333333333333333;1.0;0.2
0.2574603174603175;0.14789682539682542;-0.1111111111111111;1.0;0.0
0.507063492063492;0.22897546897546897;0.03703703703703703;1.0;0.0
0.17115440115440117;0.4391774891774891;0.05555555555555555;1.0;0.1
0.30941197691197697;0.36552308802308797;-0.1111111111111111;1.0;0.2
0.333495670995671;0.36362193362193357;0.05555555555555555;1.0;0.1
0.08123015873015874;0.2786147186147186;0.05555555555555555;1.0;0.0
0.19194444444444442;0.1388888888888889;-0.1111111111111111;1.0;0.0
0.3393686868686868;0.2870634920634921;-0.2222222222222222;1.0;0.1
0.2611111111111111;0.41595238095238096;-0.1111111111111111;1.0;0.0
0.42286435786435783;0.313452380952381;-0.4444444444444444;1.0;0.3
0.7002886002886002;0.3993290043290043;-0.16666666666666666;1.0;0.2
0.3548412698412699;0.29968253968253966;-0.2222222222222222;1.0;0.1
0.08095238095238094;0.36884920634920626;-0.3333333333333333;0.0;0.2
0.5188997113997115;0.5211544011544013;0.05555555555555555;1.0;0.0
0.5738888888888891;0.46595959595959585;-0.1111111111111111;1.0;0.0
0.46345238095238095;0.2669444444444443;-0.5555555555555556;0.0;0.4
0.35004329004329005;0.5242929292929293;-0.16666666666666666;1.0;0.2
0.7245310245310247;0.3227453102453103;0.07407407407407407;1.0;0.1
0.25691197691197687;0.5672655122655123;0.03703703703703703;0.0;0.0
0.18937229437229436;0.3062301587301587;0.05555555555555555;1.0;0.0
0.27412698412698416;0.14789682539682542;-0.3333333333333333;1.0;0.2
0.507063492063492;0.24564213564213566;0.03703703703703703;1.0;0.0
0.1794877344877345;0.45584415584415583;0.07407407407407407;1.0;0.1
0.30941197691197697;0.390523088023088;0.027777777777777776;1.0;0.0
0.3418290043290043;0.3969552669552669;0.044444444444444446;1.0;0.1
0.08123015873015872;0.31194805194805186;0.022222222222222216;0.0;0.0
0.22527777777777777;0.1472222222222222;-0.2777777777777778;1.0;0.4
0.34706099456099454;0.30244810744810746;0.07407407407407407;0.0;0.1
0.2688034188034188;0.43902930402930407;0.05555555555555555;1.0;0.1
0.4382489732489733;0.32883699633699637;-0.1111111111111111;1.0;0.2
0.7156732156732156;0.3993290043290043;-0.3333333333333333;1.0;0.2
0.3702258852258853;0.3073748473748473;-0.16666666666666666;1.0;0.2
0.08095238095238094;0.38423382173382165;0.03703703703703703;1.0;0.0
0.5342843267843269;0.5211544011544013;-0.3333333333333333;1.0;0.2
0.5738888888888891;0.4813442113442113;0.03703703703703703;1.0;0.0
0.48652930402930405;0.274636752136752;-0.2222222222222222;1.0;0.3
0.35004329004329005;0.5473698523698523;0.027777777777777776;1.0;0.0
0.7399156399156401;0.33812992562992567;-0.1111111111111111;1.0;0.2
0.25691197691197687;0.5903424353424354;0.027777777777777776;1.0;0.0
0.19706460206460205;0.3062301587301587;-0.2222222222222222;1.0;0.1
0.2972039072039072;0.14789682539682542;-0.4444444444444444;1.0;0.3
0.5147557997557997;0.26102675102675105;0.07407407407407407;1.0;0.1
0.1948723498723499;0.45584415584415583;-0.3333333333333333;1.0;0.2
0.3247965922965924;0.39821539571539566;-0.16666666666666666;0.0;0.2
0.36490592740592737;0.3969552669552669;-0.4444444444444444;1.0;0.3
0.08123015873015872;0.32733266733266725;0.03703703703703703;1.0;0.0
0.22527777777777777;0.1549145299145299;0.05555555555555555;1.0;0.0
0.3470609945609946;0.3095909645909646;0.05555555555555555;1.0;0.0
0.2688034188034188;0.43902930402930407;-0.1111111111111111;1.0;0.0
0.44539183039183045;0.32883699633699637;-0.2222222222222222;0.0;0.1
0.7156732156732156;0.4064718614718615;0.05555555555555555;1.0;0.0
0.3773687423687424;0.3216605616605616;0.07407407407407407;0.0;0.1
0.08809523809523809;0.3913766788766788;-0.1111111111111111;1.0;0.1
0.5342843267843269;0.5282972582972584;0.05555555555555555;1.0;0.0
0.5810317460317462;0.4884870684870684;-0.1111111111111111;1.0;0.1
0.48652930402930405;0.2889224664224663;0.03703703703703703;1.0;0.0
0.35718614718614716;0.5473698523698523;-0.2222222222222222;1.0;0.1
0.7542013542013544;0.33812992562992567;-0.3333333333333333;1.0;0.2
0.25691197691197687;0.5903424353424354;-0.1111111111111111;1.0;0.0
0.2042074592074592;0.31337301587301586;-0.1111111111111111;1.0;0.1
0.30434676434676433;0.14789682539682542;-0.2222222222222222;1.0;0.1
0.5218986568986568;0.261026751026751;-0.2222222222222222;1.0;0.1
0.2091580641580642;0.46298701298701295;-0.16666666666666666;1.0;0.2
0.33193944943944953;0.40535825285825283;-0.1111111111111111;1.0;0.1
0.36490592740592737;0.40409812409812407;0.05555555555555555;0.0;0.0
0.095515873015873;0.3344755244755244;-0.16666666666666666;0.0;0.2
0.23242063492063494;0.1692002442002442;0.07407407407407407;1.0;0.1
0.3603943278943279;0.3162576312576313;-0.16666666666666666;1.0;0.2
0.27547008547008545;0.4456959706959707;-0.1111111111111111;1.0;0.1
0.4720584970584971;0.335503663003663;-0.2777777777777778;1.0;0.4
0.7223398823398822;0.4064718614718615;-0.2222222222222222;1.0;0.1
0.38403540903540906;0.334993894993895;0.07407407407407407;1.0;0.1
0.08809523809523809;0.4047100122100121;0.03703703703703703;1.0;0.0
0.5409509934509936;0.5349639249639251;-0.1111111111111111;1.0;0.1
0.5810317460317462;0.4884870684870683;-0.1111111111111111;1.0;0.0
0.49319597069597065;0.2889224664224663;-0.2222222222222222;1.0;0.1
0.36385281385281376;0.5473698523698523;-0.2222222222222222;1.0;0.1
0.760868020868021;0.3447965922965923;-0.1111111111111111;1.0;0.1
0.25691197691197687;0.5970091020091021;0.05555555555555555;1.0;0.0
0.2042074592074592;0.3200396825396825;0.05555555555555555;1.0;0.0
0.31101343101343104;0.1545634920634921;-0.1111111111111111;1.0;0.1
0.5352319902319901;0.26769341769341765;-0.16666666666666666;1.0;0.2
0.2091580641580642;0.46298701298701295;-0.1111111111111111;1.0;0.0
0.3386061161061162;0.41869158619158614;0.07407407407407407;1.0;0.1
0.37823926073926073;0.40409812409812407;-0.3333333333333333;1.0;0.2
0.10218253968253965;0.36114219114219115;0.044444444444444446;1.0;0.1
0.23242063492063494;0.1758669108669109;0.05555555555555555;1.0;0.0
0.3603943278943279;0.3162576312576313;-0.1111111111111111;1.0;0.0
0.2817200854700855;0.4519459706959707;-0.1111111111111111;1.0;0.1
0.4720584970584971;0.341753663003663;0.05555555555555555;1.0;0.0
0.7410898823398823;0.41272186147186146;-0.2222222222222222;1.0;0.3
0.39028540903540904;0.334993894993895;-0.2222222222222222;1.0;0.1
0.1005952380952381;0.4047100122100121;-0.3333333333333333;0.0;0.2
0.5409509934509936;0.5412139249639251;0.05555555555555555;1.0;0.0
0.5872817460317462;0.5072370684870683;0.05555555555555555;1.0;0.1
0.4994459706959707;0.30767246642246626;0.05555555555555555;1.0;0.1
0.3763528138528138;0.5598698523698522;-0.1111111111111111;1.0;0.2
0.760868020868021;0.3447965922965923;-0.1111111111111111;1.0;0.0
0.2756619769119769;0.603259102009102;-0.2222222222222222;1.0;0.3
0.2042074592074592;0.3200396825396825;-0.1111111111111111;1.0;0.0
0.32976343101343103;0.1545634920634921;-0.4444444444444444;1.0;0.3
0.5414819902319901;0.26769341769341765;-0.2222222222222222;1.0;0.1
0.2091580641580642;0.46298701298701295;-0.1111111111111111;1.0;0.0
0.3386061161061162;0.43119158619158615;0.03703703703703703;0.0;0.0
0.3907392607392607;0.4165981240981241;-0.1111111111111111;1.0;0.2
0.10218253968253965;0.37989219114219114;0.027777777777777776;1.0;0.0
0.23867063492063495;0.1821169108669109;-0.1111111111111111;1.0;0.1
0.37215903377668086;0.32802233713998424;-0.1111111111111111;0.0;0.2
0.2817200854700855;0.46959302951950016;0.027777777777777776;1.0;0.0
0.47794084999967357;0.35351836888601595;0.07407407407407407;1.0;0.1
0.7410898823398823;0.41272186147186146;-0.1111111111111111;1.0;0.0
0.39028540903540904;0.34087624793507143;0.05555555555555555;1.0;0.0
0.1005952380952381;0.4047100122100121;-0.1111111111111111;1.0;0.0
0.570362758156876;0.5412139249639251;-0.6666666666666666;0.0;0.5
0.5931640989729227;0.5072370684870683;-0.2222222222222222;1.0;0.1
0.5053283236371471;0.31355481936364277;-0.1111111111111111;0.0;0.1
0.3763528138528138;0.5657522053110287;0.05555555555555555;1.0;0.0
0.7667503738091974;0.35067894523776877;-0.1111111111111111;1.0;0.1
0.2874266827943298;0.6150238078914549;-0.1111111111111111;0.0;0.2
0.21597216508981215;0.32592203548085896;-0.16666666666666666;1.0;0.2
0.33564578395460754;0.16044584500466857;-0.1111111111111111;0.0;0.1
0.5473643431731666;0.2735757706345941;-0.1111111111111111;1.0;0.1
0.2091580641580642;0.49239877769289525;0.018518518518518514;0.0;0.0
0.3444884690472927;0.43119158619158615;-0.2222222222222222;1.0;0.1
0.40838631956279015;0.4165981240981241;-0.4444444444444444;1.0;0.3
0.10218253968253965;0.37989219114219114;-0.1111111111111111;1.0;0.0
0.23867063492063495;0.1821169108669109;-0.1111111111111111;1.0;0.0
0.37215903377668086;0.32802233713998424;-0.1111111111111111;1.0;0.0
0.2928311965811966;0.4751485850750557;-0.16666666666666666;1.0;0.2
0.4834964055552291;0.3646294799971271;0.07407407407407407;1.0;0.1
0.7410898823398823;0.42383297258297253;0.03703703703703703;1.0;0.0
0.3902854090354091;0.34643180349062697;0.05555555555555555;1.0;0.0
0.11726190476190476;0.4047100122100121;-0.4444444444444444;1.0;0.3
0.581473869267987;0.5412139249639251;-0.3333333333333333;1.0;0.2
0.6042752100840337;0.5072370684870683;-0.3333333333333333;1.0;0.2
0.5164394347482582;0.31355481936364277;-0.3333333333333333;1.0;0.2
0.3930194805194805;0.5768633164221397;-0.14814814814814814;1.0;0.3
0.7834170404758641;0.372901167459991;0.08888888888888889;1.0;0.3
0.2874266827943298;0.626134919002566;0.03703703703703703;1.0;0.0
0.21597216508981215;0.3425887021475257;0.027777777777777776;1.0;0.0
0.35786800617682973;0.17711251167133524;-0.1388888888888889;1.0;0.4
0.5584754542842777;0.29024243730126076;0.08333333333333333;1.0;0.2
0.21471361971361974;0.49239877769289525;-0.2222222222222222;1.0;0.1
0.3444884690472927;0.4423026973026973;0.03703703703703703;1.0;0.0
0.4139418751183457;0.4165981240981241;-0.2222222222222222;1.0;0.1
0.10218253968253965;0.38544774669774673;0.05555555555555555;1.0;0.0
0.23867063492063495;0.1821169108669109;-0.1111111111111111;1.0;0.0
0.3826853495661546;0.33328549503472105;-0.16666666666666666;1.0;0.2
0.29809435447593347;0.4751485850750557;-0.2222222222222222;1.0;0.1
0.5045490371341764;0.3751557957866008;-0.1851851851851852;1.0;0.4
0.746353040234619;0.4343592883724462;0.07407407407407407;1.0;0.1
0.4008117248248828;0.3516949613853638;-0.16666666666666666;1.0;0.2
0.1225250626566416;0.41523632799948584;0.07407407407407407;1.0;0.1
0.5920001850574608;0.5464770828586618;-0.16666666666666666;1.0;0.2
0.6095383679787705;0.5125002263818051;-0.1111111111111111;1.0;0.1
0.5164394347482582;0.3293442930478533;0.027777777777777776;1.0;0.0
0.40354579630895415;0.5979159480010872;0.06666666666666667;1.0;0.2
0.788680198370601;0.3781643253547278;-0.1111111111111111;1.0;0.1
0.29268984068906667;0.6366612347920397;0.07407407407407407;1.0;0.1
0.21597216508981215;0.3425887021475257;-0.1111111111111111;1.0;0.0
0.3683943219663034;0.18237566956607207;-0.16666666666666666;1.0;0.2
0.5584754542842777;0.29024243730126076;-0.1111111111111111;1.0;0.0
0.21471361971361974;0.49239877769289525;-0.1111111111111111;1.0;0.0
0.34975162694202955;0.452829013092171;0.07407407407407407;1.0;0.1
0.4139418751183457;0.4165981240981241;-0.1111111111111111;1.0;0.0
0.10218253968253965;0.3907109045924836;0.05555555555555555;1.0;0.0
0.25446010860484547;0.1821169108669109;-0.4444444444444444;1.0;0.3
0.38268534956615463;0.33828549503472105;0.05555555555555555;1.0;0.0
0.3030943544759334;0.4751485850750557;-0.2222222222222222;1.0;0.1
0.5095490371341764;0.3851557957866008;0.07407407407407407;1.0;0.1
0.7563530402346191;0.43935928837244614;-0.16666666666666666;1.0;0.2
0.40581172482488287;0.36169496138536383;0.07407407407407407;1.0;0.1
0.1325250626566416;0.42023632799948585;-0.16666666666666666;1.0;0.2
0.5920001850574608;0.5464770828586618;-0.1111111111111111;1.0;0.0
0.6095383679787705;0.5125002263818051;-0.1111111111111111;1.0;0.0
0.5214394347482582;0.3393442930478533;0.07407407407407407;1.0;0.1
0.4135457963089541;0.602915948001087;-0.16666666666666666;1.0;0.2
0.793680198370601;0.3881643253547279;0.07407407407407407;1.0;0.1
0.3026898406890667;0.6416612347920397;-0.16666666666666666;1.0;0.2
0.21597216508981215;0.3575887021475256;0.027777777777777776;1.0;0.0
0.3833943219663034;0.18237566956607207;-0.4444444444444444;1.0;0.3
0.5584754542842777;0.30024243730126077;0.03703703703703703;1.0;0.0
0.22471361971361975;0.49239877769289525;-0.3333333333333333;1.0;0.2
0.35975162694202956;0.477829013092171;0.05555555555555555;1.0;0.2
0.4389418751183457;0.42659812409812403;-0.2222222222222222;1.0;0.5
0.10218253968253965;0.4057109045924835;0.027777777777777776;1.0;0.0
0.2694601086048455;0.1821169108669109;-0.4444444444444444;1.0;0.3
0.38744725432805943;0.3525712093204353;0.05555555555555555;1.0;0.1
0.3030943544759334;0.4751485850750557;-0.1111111111111111;1.0;0.0
0.5238347514198908;0.39467960531041035;-0.14814814814814814;1.0;0.3
0.7658768497584286;0.4441211931343509;-0.16666666666666666;1.0;0.2
0.4105736295867876;0.3712187709091733;0.07407407407407407;1.0;0.1
0.14204887218045112;0.4345220422852002;0.08333333333333333;1.0;0.2
0.5920001850574608;0.5464770828586618;-0.1111111111111111;1.0;0.0
0.6095383679787705;0.5267859406675195;0.027777777777777776;0.0;0.0
0.5357251490339725;0.3393442930478533;-0.4444444444444444;0.0;0.3
0.41830770107085885;0.602915948001087;-0.2222222222222222;1.0;0.1
0.793680198370601;0.39292623011663264;0.05555555555555555;1.0;0.0
0.30745174545097137;0.6416612347920397;-0.2222222222222222;1.0;0.1
0.21597216508981215;0.36235060690943033;0.05555555555555555;1.0;0.0
0.39768003625201775;0.1871375743279768;-0.2222222222222222;1.0;0.3
0.5727611685699919;0.30024243730126077;-0.4444444444444444;1.0;0.3
0.22471361971361975;0.5066844919786095;0.027777777777777776;1.0;0.0
0.3740373412277439;0.477829013092171;-0.4444444444444444;1.0;0.3
0.44370377988025045;0.42659812409812403;-0.2222222222222222;1.0;0.1
0.10218253968253965;0.41047280935438824;0.05555555555555555;1.0;0.0
0.2694601086048455;0.1964026251526252;0.027777777777777776;1.0;0.0
0.391992708873514;0.36620757295679895;0.05555555555555555;1.0;0.1
0.3030943544759334;0.4751485850750557;-0.1111111111111111;1.0;0.0
0.5238347514198908;0.39922505985586487;0.05555555555555555;1.0;0.0
0.7658768497584287;0.44866664767980546;0.05555555555555555;1.0;0.0
0.4105736295867876;0.38030968000008236;0.03703703703703703;1.0;0.0
0.14204887218045112;0.4345220422852002;-0.1111111111111111;1.0;0.0
0.60109109414837;0.5464770828586618;-0.3333333333333333;1.0;0.2
0.6140838225242251;0.5358768497584285;0.07407407407407407;1.0;0.1
0.5357251490339725;0.33934429304785335;-0.1111111111111111;1.0;0.0
0.4319440647072225;0.6029159480010872;-0.4444444444444444;0.0;0.3
0.793680198370601;0.3929262301166326;-0.1111111111111111;1.0;0.0
0.3074517454509713;0.6507521438829488;0.03703703703703703;1.0;0.0
0.22506307418072122;0.36689606145488496;-0.16666666666666666;1.0;0.2
0.4067709453429268;0.18713757432797679;-0.3333333333333333;1.0;0.2
0.5773066231154466;0.30024243730126077;-0.2222222222222222;1.0;0.1
0.25198634698634703;0.5066844919786095;-0.7777777777777778;1.0;0.6
0.3740373412277439;0.4914653767285347;0.027777777777777776;0.0;0.0
0.4573401435166141;0.4311435786435786;-0.2222222222222222;1.0;0.3
0.10218253968253965;0.4377455366271156;0.015873015873015865;1.0;0.0
0.27400556315030006;0.1964026251526252;-0.2222222222222222;1.0;0.1
0.39199270887351395;0.36620757295679895;-0.1111111111111111;1.0;0.0
0.31179000664984646;0.4751485850750557;-0.3333333333333333;1.0;0.2
0.5368782296807603;0.4122685381167345;-0.1111111111111111;0.0;0.3
0.7745725019323417;0.453014473766762;-0.16666666666666666;1.0;0.2
0.41492145567374417;0.39335315826095185;0.05555555555555555;0.0;0.1
0.14204887218045115;0.4345220422852002;-0.1111111111111111;1.0;0.0
0.609786746322283;0.5508249089456184;-0.16666666666666666;1.0;0.2
0.6140838225242251;0.5358768497584285;-0.1111111111111111;1.0;0.0
0.5444208012078855;0.3393442930478534;-0.3333333333333333;1.0;0.2
0.44498754296809206;0.6072637740880438;-0.2222222222222222;0.0;0.3
0.7980280244575575;0.3972740562035891;-0.1111111111111111;1.0;0.1
0.31179957153792787;0.6724912743177314;0.03703703703703703;1.0;0.1
0.24680220461550384;0.37124388754184146;-0.3333333333333333;1.0;0.5
0.41981442360379634;0.20018105258884633;-0.1111111111111111;0.0;0.3
0.5773066231154467;0.30024243730126077;-0.1111111111111111;1.0;0.0
0.25198634698634703;0.5153801441525226;0.03703703703703703;1.0;0.0
0.3740373412277439;0.5001610289024476;0.03703703703703703;1.0;0.0
0.4616879696035706;0.43549140473053516;-0.1111111111111111;1.0;0.1
0.10653036576949618;0.4464411888010287;0.07407407407407407;1.0;0.1
0.2783533892372566;0.20509827732653824;0.07407407407407407;1.0;0.1
0.39199270887351395;0.36620757295679895;-0.1111111111111111;0.0;0.0
0.31595667331651317;0.4793152517417224;-0.1111111111111111;1.0;0.1
0.5368782296807603;0.4164352047834011;0.05555555555555555;1.0;0.0
0.7829058352656751;0.453014473766762;-0.3333333333333333;1.0;0.2
0.4190881223404109;0.39751982492761856;-0.1111111111111111;1.0;0.1
0.14204887218045112;0.4345220422852002;-0.1111111111111111;0.0;0.0
0.6139534129889497;0.554991575612285;-0.1111111111111111;1.0;0.1
0.6140838225242251;0.5400435164250952;0.05555555555555555;1.0;0.0
0.5444208012078856;0.3518442930478534;0.027777777777777776;0.0;0.0
0.45332087630142537;0.6072637740880438;-0.3333333333333333;1.0;0.2
0.7980280244575575;0.4014407228702557;0.05555555555555555;1.0;0.0
0.3159662382045946;0.6766579409843981;-0.1111111111111111;1.0;0.1
0.24680220461550384;0.37957722087517476;0.03703703703703703;1.0;0.0
0.42398109027046305;0.20434771925551298;-0.1111111111111111;1.0;0.1
0.5814732897821133;0.3044091039679274;-0.1111111111111111;1.0;0.1
0.25615301365301374;0.5153801441525226;-0.2222222222222222;1.0;0.1
0.3740373412277439;0.5084943622357809;0.03703703703703703;1.0;0.0
0.4741879696035706;0.43549140473053516;-0.4444444444444444;0.0;0.3
0.11069703243616284;0.4464411888010287;-0.2222222222222222;1.0;0.1
0.28252005590392326;0.20509827732653824;-0.2222222222222222;1.0;0.1
0.39599270887351395;0.3782075729567989;0.05555555555555555;1.0;0.1
0.31595667331651317;0.4833152517417224;0.05555555555555555;1.0;0.0
0.5448782296807604;0.4164352047834011;-0.3333333333333333;1.0;0.2
0.7869058352656751;0.457014473766762;-0.1111111111111111;0.0;0.1
0.4190881223404109;0.4015198249276185;0.05555555555555555;1.0;0.0
0.14204887218045112;0.4465220422852002;0.027777777777777776;1.0;0.0
0.6179534129889497;0.562991575612285;0.07407407407407407;1.0;0.1
0.626083822524225;0.5440435164250952;-0.2222222222222222;0.0;0.3
0.5524208012078856;0.3558442930478534;-0.16666666666666666;1.0;0.2
0.4653208763014254;0.6112637740880438;-0.2222222222222222;1.0;0.3
0.8020280244575574;0.4014407228702557;-0.2222222222222222;1.0;0.1
0.3159662382045946;0.6846579409843981;0.03703703703703703;1.0;0.0
0.25080220461550384;0.38357722087517476;-0.1111111111111111;0.0;0.1
0.43598109027046306;0.20434771925551298;-0.4444444444444444;1.0;0.3
0.5814732897821133;0.3124091039679274;0.03703703703703703;1.0;0.0
0.26015301365301374;0.5153801441525226;-0.2222222222222222;1.0;0.1
0.3820373412277439;0.5124943622357809;-0.16666666666666666;1.0;0.2
0.47818796960357063;0.44749140473053517;0.05555555555555555;0.0;0.1
0.11869703243616285;0.4464411888010287;-0.3333333333333333;1.0;0.2
0.28652005590392327;0.21309827732653824;0.07407407407407407;1.0;0.1
0.39599270887351395;0.37820757295679897;-0.1111111111111111;1.0;0.0
0.3236489810088209;0.4833152517417224;-0.3333333333333333;0.0;0.2
0.5602628450653758;0.42028135862955496;-0.2777777777777778;1.0;0.4
0.7869058352656751;0.47239908915137735;0.022222222222222216;1.0;0.0
0.4229342761865647;0.41690444031223384;0.044444444444444446;1.0;0.1
0.14589502602660498;0.45036819613135404;-0.1111111111111111;1.0;0.1
0.6256457206812575;0.5668377294584388;-0.16666666666666666;1.0;0.2
0.6337761302165328;0.547889670271249;-0.16666666666666666;1.0;0.2
0.5524208012078857;0.3558442930478534;-0.1111111111111111;1.0;0.0
0.4653208763014254;0.6189560817803514;0.03703703703703703;0.0;0.0
0.8058741783037112;0.4052868767164095;-0.1111111111111111;1.0;0.1
0.3159662382045945;0.688504094830552;0.05555555555555555;0.0;0.0
0.2584945123078115;0.3912695285674824;-0.1111111111111111;1.0;0.2
0.4398272441166169;0.21204002694782065;0.07407407407407407;1.0;0.1
0.5853194436282672;0.3201014116602351;0.07407407407407407;1.0;0.1
0.26784532134532146;0.5192262979986765;-0.16666666666666666;1.0;0.2
0.38588349507389774;0.5124943622357809;-0.2222222222222222;0.0;0.1
0.49357258498818607;0.44749140473053517;-0.5555555555555556;1.0;0.4
0.12638934012847056;0.45413349649333634;-0.1111111111111111;1.0;0.2
0.2903662097500771;0.22079058501884594;0.07407407407407407;1.0;0.1
0.39599270887351395;0.38561498036420633;0.03703703703703703;1.0;0.0
0.33105638841622825;0.48331525174172246;-0.3333333333333333;0.0;0.2
0.5713739561764869;0.4276887660369623;-0.14814814814814814;1.0;0.3
0.80172065008049;0.47610279285508106;-0.2777777777777778;1.0;0.4
0.4266379798902684;0.4280155514233449;0.05555555555555555;1.0;0.1
0.14589502602660498;0.4614793072424651;0.027777777777777776;1.0;0.0
0.6330531280886648;0.5779488405695499;0.08333333333333333;1.0;0.2
0.6448872413276439;0.5515933739749527;-0.2222222222222222;1.0;0.3
0.5561245049115894;0.3632517004552608;0.07407407407407407;1.0;0.1
0.4690245800051291;0.6337708965951663;0.044444444444444446;1.0;0.1
0.8095778820074149;0.4126942841238169;0.07407407407407407;1.0;0.1
0.31966994190829817;0.6922077985342556;-0.1111111111111111;1.0;0.1
0.2659019197152189;0.3912695285674825;-0.3333333333333333;1.0;0.2
0.4472346515240243;0.21204002694782065;-0.3333333333333333;0.0;0.2
0.5853194436282672;0.3275088190676425;0.03703703703703703;0.0;0.0
0.2715490250490251;0.5229300017023802;-0.1111111111111111;1.0;0.1
0.39329090248130516;0.5161980659394847;-0.16666666666666666;1.0;0.2
0.49357258498818607;0.45489881213794253;0.03703703703703703;0.0;0.0
0.13379674753587795;0.45783720019704005;-0.16666666666666666;1.0;0.2
0.30147732086118817;0.22079058501884594;-0.4444444444444444;1.0;0.3
0.39599270887351395;0.39632926607849206;0.027777777777777776;1.0;0.0
0.33105638841622825;0.4904581088845796;0.03703703703703703;1.0;0.0
0.5749453847479155;0.4312601946083909;-0.1111111111111111;0.0;0.1
0.8088635072233471;0.4832456499979382;-0.1111111111111111;1.0;0.2
0.43378083703312553;0.4280155514233449;-0.3333333333333333;1.0;0.2
0.15303788316946212;0.4686221643853222;-0.1111111111111111;1.0;0.2
0.6437674138029505;0.5815202691409784;-0.2222222222222222;1.0;0.3
0.652030098470501;0.5551648025463812;-0.16666666666666666;1.0;0.2
0.5596959334830179;0.3668231290266894;-0.1111111111111111;0.0;0.1
0.47259600857655765;0.6409137537380234;0.07407407407407407;0.0;0.1
0.8202921677217005;0.4126942841238169;-0.4444444444444444;1.0;0.3
0.32324137047972673;0.7029220842485413;0.05555555555555555;1.0;0.1
0.27304477685807604;0.3912695285674825;-0.3333333333333333;1.0;0.2
0.45794893723831;0.2156114555192492;-0.2222222222222222;1.0;0.3
0.5888908721996957;0.3346516762104997;0.07407407407407407;1.0;0.1
0.2751204536204537;0.5336442874166659;0.05555555555555555;1.0;0.1
0.3968623310527338;0.5269123516537704;0.05555555555555555;1.0;0.1
0.5042868707024717;0.4584702407093711;-0.2222222222222222;1.0;0.3
0.14093960467873512;0.4614086287684686;-0.16666666666666666;0.0;0.2
0.30147732086118817;0.22793344216170305;0.03703703703703703;1.0;0.0
0.4132340881838588;0.39977754194056103;-0.3333333333333333;1.0;0.5
0.33105638841622825;0.5008029364707864;0.027777777777777776;1.0;0.0
0.5783936606099844;0.44850157391873574;0.03703703703703703;1.0;0.1
0.819208334809554;0.4832456499979382;-0.4444444444444444;1.0;0.3
0.4372291128951945;0.4383603790095519;0.05555555555555555;1.0;0.1
0.15303788316946212;0.47551871610946017;0.03703703703703703;1.0;0.0
0.6437674138029505;0.5815202691409785;-0.1111111111111111;1.0;0.0
0.6589266501946389;0.5620613542705192;-0.1111111111111111;0.0;0.2
0.5631442093450869;0.3668231290266894;-0.2222222222222222;1.0;0.1
0.47949256030069565;0.6409137537380234;-0.3333333333333333;1.0;0.2
0.8237404435837696;0.41959083584795487;0.07407407407407407;1.0;0.1
0.33358619806593365;0.7098186359726792;-0.14814814814814814;1.0;0.3
0.27304477685807604;0.3912695285674825;-0.1111111111111111;1.0;0.0
0.464845488962448;0.22250800724338715;-0.1111111111111111;0.0;0.2
0.5888908721996957;0.3380999520725686;0.05555555555555555;1.0;0.0
0.2820170053445916;0.5370925632787349;-0.16666666666666666;1.0;0.2
0.4003106069148027;0.5303606275158395;-0.1111111111111111;1.0;0.1
0.5146316982886787;0.46191851657144;-0.2222222222222222;1.0;0.3
0.1443878805408041;0.4648569046305376;-0.1111111111111111;1.0;0.1
0.3083738725853261;0.23827826974790994;0.08333333333333333;1.0;0.2
0.4165674215171921;0.4031108752738943;-0.1111111111111111;1.0;0.1
0.3343897217495616;0.5108029364707865;0.05555555555555555;1.0;0.1
0.5783936606099844;0.45183490725206904;0.05555555555555555;0.0;0.0
0.8258750014762206;0.48657898333127153;-0.16666666666666666;1.0;0.2
0.4438957795618611;0.4383603790095519;-0.3333333333333333;1.0;0.2
0.16303788316946213;0.4788520494427936;-0.2222222222222222;1.0;0.3
0.6471007471362838;0.5815202691409785;-0.2222222222222222;1.0;0.1
0.6622599835279723;0.5620613542705192;-0.2222222222222222;0.0;0.1
0.5631442093450869;0.37348979569335605;0.03703703703703703;1.0;0.0
0.47949256030069565;0.6509137537380234;0.027777777777777776;1.0;0.0
0.8337404435837696;0.41959083584795487;-0.4444444444444444;1.0;0.3
0.34358619806593366;0.7098186359726792;-0.4444444444444444;1.0;0.3
0.27971144352474275;0.3979361952341492;-0.1111111111111111;1.0;0.2
0.47484548896244805;0.22250800724338715;-0.4444444444444444;1.0;0.3
0.5955575388663623;0.34476661873923525;-0.1111111111111111;1.0;0.2
0.285350338677925;0.5437592299454016;0.07407407407407407;1.0;0.1
0.4003106069148027;0.5403606275158395;0.027777777777777776;1.0;0.0
0.5146316982886787;0.46525184990477336;0.05555555555555555;1.0;0.0
0.14772121387413745;0.468190237963871;-0.1111111111111111;1.0;0.1
0.3083738725853261;0.24827826974790995;0.027777777777777776;1.0;0.0
0.42624484087203085;0.4095624881771201;-0.14814814814814814;1.0;0.3
0.3343897217495616;0.5204803558256251;0.027777777777777776;1.0;0.0
0.5880710799648231;0.45506071370368195;-0.2222222222222222;1.0;0.3
0.8291008079278337;0.49948220913772323;0.044444444444444446;1.0;0.1
0.4438957795618611;0.44481199191277765;0.03703703703703703;1.0;0.0
0.16626368962107502;0.4788520494427936;-0.2222222222222222;0.0;0.1
0.6535523600395097;0.5911976884958172;0.08333333333333333;1.0;0.2
0.6719374028828111;0.5620613542705192;-0.4444444444444444;1.0;0.3
0.5695958222483127;0.3799414085965819;-0.1111111111111111;1.0;0.2
0.47949256030069565;0.6541395601896364;0.05555555555555555;1.0;0.0
0.8466436693902212;0.4228166422995677;-0.2777777777777778;1.0;0.4
0.34358619806593366;0.7130444424242921;0.05555555555555555;0.0;0.0
0.2861630564279686;0.3979361952341492;-0.3333333333333333;1.0;0.2
0.48774871476889975;0.22573381369500006;-0.2777777777777778;1.0;0.4
0.5987833453179753;0.35766984454568684;0.044444444444444446;1.0;0.1
0.2885761451295379;0.5437592299454016;-0.2222222222222222;1.0;0.1
0.40353641336641555;0.5500380468706783;0.05555555555555555;1.0;0.1
0.5243091176435174;0.4684776563563863;-0.2222222222222222;1.0;0.3
0.15417282677736327;0.47464185086709676;-0.1111111111111111;1.0;0.2
0.311599679036939;0.2579556891027487;0.05555555555555555;1.0;0.1
0.42624484087203085;0.4095624881771201;-0.1111111111111111;0.0;0.0
0.3375147217495616;0.5267303558256251;0.07407407407407407;1.0;0.1
0.5880710799648231;0.46131071370368193;0.03703703703703703;1.0;0.0
0.8353508079278337;0.5026072091377232;-0.16666666666666666;1.0;0.2
0.4438957795618611;0.4479369919127777;0.05555555555555555;1.0;0.0
0.16626368962107502;0.4819770494427936;0.05555555555555555;1.0;0.0
0.6535523600395097;0.5911976884958172;-0.1111111111111111;1.0;0.0
0.675062402882811;0.5683113542705192;0.07407407407407407;1.0;0.1
0.5758458222483127;0.38306640859658186;-0.16666666666666666;1.0;0.2
0.47949256030069565;0.6572645601896363;0.05555555555555555;1.0;0.0
0.8528936693902212;0.4228166422995677;-0.3333333333333333;1.0;0.2
0.34358619806593366;0.7130444424242921;-0.1111111111111111;1.0;0.0
0.28928805642796857;0.3979361952341492;-0.2222222222222222;1.0;0.1
0.49087371476889974;0.22573381369500006;-0.2222222222222222;1.0;0.1
0.6019083453179752;0.35766984454568684;-0.2222222222222222;1.0;0.1
0.2917011451295379;0.5437592299454016;-0.2222222222222222;1.0;0.1
0.40353641336641555;0.5500380468706783;-0.1111111111111111;0.0;0.0
0.5243091176435174;0.4684776563563863;-0.1111111111111111;1.0;0.0
0.15417282677736327;0.47464185086709676;-0.1111111111111111;1.0;0.0
0.311599679036939;0.26108068910274873;0.05555555555555555;1.0;0.0
0.42624484087203085;0.4095624881771201;-0.1111111111111111;1.0;0.0
0.3405450247798646;0.5297606588559282;-0.1111111111111111;1.0;0.1
0.5911013829951262;0.46737131976428803;0.07407407407407407;0.0;0.1
0.8353508079278337;0.5116981182286324;0.027777777777777776;1.0;0.0
0.44692608259216415;0.4479369919127777;-0.2222222222222222;0.0;0.1
0.16626368962107502;0.4850073524730966;0.05555555555555555;1.0;0.0
0.6596129661001158;0.5911976884958172;-0.3333333333333333;1.0;0.2
0.6780927059131141;0.5683113542705192;-0.2222222222222222;1.0;0.1
0.5849367313392217;0.38306640859658186;-0.4444444444444444;1.0;0.3
0.47949256030069565;0.6633251662502424;0.03703703703703703;1.0;0.0
0.8528936693902212;0.4319075513904768;0.027777777777777776;1.0;0.0
0.34661650109623665;0.7160747454545952;-0.1111111111111111;1.0;0.1
0.29231835945827156;0.4009664982644522;-0.1111111111111111;1.0;0.1
0.4999646238598089;0.22573381369500006;-0.4444444444444444;1.0;0.3
0.6019083453179752;0.35766984454568684;-0.1111111111111111;1.0;0.0
0.2947314481598409;0.5498198360060076;0.07407407407407407;1.0;0.1
0.4065667163967186;0.5530683499009813;-0.1111111111111111;1.0;0.1
0.5303697237041234;0.47150795938668927;-0.16666666666666666;0.0;0.2
0.15417282677736327;0.4776721538973998;0.05555555555555555;0.0;0.0
0.31766028509754507;0.2641109921330518;-0.16666666666666666;1.0;0.2
0.4350683702837955;0.41544484111829655;-0.14814814814814814;1.0;0.3
0.3434862012504528;0.5356430117971046;0.07407407407407407;1.0;0.1
0.5911013829951262;0.4732536727054645;0.03703703703703703;1.0;0.0
0.8382919843984219;0.5116981182286324;-0.2222222222222222;1.0;0.1
0.4528084355333406;0.45676052132454237;0.08333333333333333;1.0;0.2
0.16626368962107502;0.4850073524730966;-0.1111111111111111;1.0;0.0
0.6596129661001158;0.5941388649664056;0.05555555555555555;1.0;0.0
0.6780927059131141;0.5712525307411074;0.05555555555555555;1.0;0.0
0.58787790780981;0.3889487615377583;0.07407407407407407;1.0;0.1
0.49125726618304866;0.6662663427208307;-0.2777777777777778;1.0;0.4
0.8558348458608094;0.4319075513904768;-0.2222222222222222;1.0;0.1
0.34661650109623665;0.7190159219251834;0.05555555555555555;1.0;0.0
0.29820071239944806;0.4039076747350404;-0.16666666666666666;1.0;0.2
0.5058469768009853;0.2286749901655883;-0.16666666666666666;1.0;0.2
0.6077906982591517;0.36061102101627507;-0.16666666666666666;1.0;0.2
0.2976726246304292;0.5498198360060076;-0.2222222222222222;1.0;0.1
0.4095078928673068;0.5589507028421578;0.07407407407407407;1.0;0.1
0.5303697237041234;0.47150795938668927;-0.1111111111111111;1.0;0.0
0.16005517971853972;0.4776721538973998;-0.3333333333333333;1.0;0.2
0.3206014615681333;0.27587569801540474;0.044444444444444446;1.0;0.1
0.43792551314093836;0.41544484111829655;-0.2222222222222222;1.0;0.1
0.35205762982188143;0.5385001546542474;-0.2222222222222222;1.0;0.3
0.5996728115665546;0.481825101276893;-0.1111111111111111;1.0;0.3
0.8440062701127076;0.5231266896572038;0.06666666666666667;1.0;0.2
0.4528084355333406;0.4596176641816852;0.05555555555555555;1.0;0.0
0.16912083247821788;0.49072163818738235;0.07407407407407407;0.0;0.1
0.6624701089572586;0.5941388649664056;-0.2222222222222222;1.0;0.1
0.6780927059131141;0.5741096735982503;0.05555555555555555;1.0;0.0
0.5993064792383815;0.39466304725204404;-0.1851851851851852;1.0;0.4
0.49125726618304866;0.6662663427208307;-0.1111111111111111;1.0;0.0
0.8558348458608094;0.4404789799619054;0.027777777777777776;1.0;0.0
0.34947364395337954;0.7190159219251834;-0.2222222222222222;1.0;0.1
0.3067721409708767;0.4039076747350404;-0.4444444444444444;1.0;0.3
0.5087041196581282;0.23153213302273112;-0.1111111111111111;1.0;0.1
0.6163621268305802;0.3691824495877037;-0.1111111111111111;1.0;0.3
0.2976726246304292;0.5526769788631505;0.05555555555555555;1.0;0.0
0.4152221785815925;0.5618078456993005;-0.16666666666666666;0.0;0.2
0.5303697237041234;0.47150795938668927;-0.1111111111111111;1.0;0.0
0.16291232257568258;0.48052929675454265;-0.1111111111111111;1.0;0.1
0.3234586044252762;0.2844471265868333;0.05555555555555555;1.0;0.1
0.43792551314093836;0.41544484111829655;-0.1111111111111111;0.0;0.0
0.3548354075996592;0.5385001546542474;-0.2222222222222222;1.0;0.1
0.6024505893443324;0.48460287905467075;-0.1111111111111111;1.0;0.1
0.8495618256682631;0.5286822452127593;-0.1111111111111111;1.0;0.2
0.4611417688666739;0.46239544195946297;-0.2222222222222222;0.0;0.3
0.17189861025599568;0.4962771937429379;0.07407407407407407;1.0;0.1
0.6624701089572586;0.5969166427441833;0.05555555555555555;0.0;0.0
0.680870483690892;0.576887451376028;-0.1111111111111111;0.0;0.1
0.6020842570161593;0.41132971391871076;0.031746031746031744;0.0;0.1
0.4940350439608264;0.6690441204986085;-0.1111111111111111;0.0;0.1
0.8558348458608094;0.4404789799619054;-0.1111111111111111;1.0;0.0
0.34947364395337954;0.7190159219251835;-0.1111111111111111;0.0;0.0
0.30954991874865445;0.4066854525128182;-0.1111111111111111;1.0;0.1
0.525370786324795;0.23430991080050895;-0.3888888888888889;0.0;0.6
0.6163621268305802;0.3691824495877037;-0.1111111111111111;1.0;0.0
0.300450402408207;0.5526769788631505;-0.2222222222222222;0.0;0.1
0.41799995635937026;0.5701411790326338;0.05555555555555555;0.0;0.1
0.5303697237041234;0.47428573716446704;0.05555555555555555;1.0;0.0
0.16846787813123815;0.4833070745323204;-0.16666666666666666;1.0;0.2
0.3290141599808317;0.29000268214238883;-0.1111111111111111;1.0;0.2
0.4406282158436411;0.4235529492264047;0.05555555555555555;1.0;0.1
0.3602408130050646;0.5385001546542474;-0.3333333333333333;1.0;0.2
0.6024505893443324;0.4900082844600761;0.03703703703703703;1.0;0.0
0.8522645283709659;0.5340876506181647;0.07407407407407407;1.0;0.1
0.46384447156937664;0.4650981446621657;-0.1111111111111111;1.0;0.1
0.17189861025599568;0.504385301851046;0.027777777777777776;1.0;0.0
0.667875514362664;0.5996193454468861;-0.16666666666666666;1.0;0.2
0.680870483690892;0.5795901540787307;0.05555555555555555;1.0;0.0
0.6101923651242673;0.41673511932411617;-0.14814814814814814;1.0;0.3
0.4940350439608264;0.6771522286067166;0.027777777777777776;1.0;0.0
0.8612402512662147;0.4404789799619054;-0.3333333333333333;1.0;0.2
0.3548790493587849;0.7271240300332915;0.08333333333333333;1.0;0.2
0.31765802685676253;0.4066854525128182;-0.4444444444444444;1.0;0.3
0.525370786324795;0.23971531620591432;0.03703703703703703;1.0;0.0
0.6244702349386884;0.36918244958770363;-0.4444444444444444;1.0;0.3
0.30315310511090965;0.5553796815658532;-0.1111111111111111;1.0;0.1
0.420702659062073;0.5701411790326338;-0.2222222222222222;1.0;0.1
0.5303697237041234;0.47698843986716977;0.05555555555555555;1.0;0.0
0.17117058083394082;0.4833070745323204;-0.2222222222222222;1.0;0.1
0.3371222680889398;0.2927053848450915;-0.2222222222222222;1.0;0.3
0.4406282158436411;0.4314476860685099;0.027777777777777776;1.0;0.0
0.36024081300506466;0.5385001546542474;-0.1111111111111111;1.0;0.0
0.6077137472390692;0.49263986340744453;-0.16666666666666666;1.0;0.2
0.8601592652130711;0.5340876506181647;-0.4444444444444444;1.0;0.3
0.46384447156937664;0.4677297236095341;0.05555555555555555;1.0;0.0
0.17189861025599568;0.5096484597457829;0.03703703703703703;1.0;0.0
0.6731386722574009;0.5996193454468861;-0.3333333333333333;1.0;0.2
0.680870483690892;0.5822217330260991;0.05555555555555555;1.0;0.0
0.6128239440716358;0.41673511932411617;-0.2222222222222222;1.0;0.1
0.4966666229081948;0.6824153865014535;0.07407407407407407;1.0;0.1
0.8638718302135832;0.4404789799619054;-0.2222222222222222;1.0;0.1
0.3575106283061533;0.7271240300332915;-0.2222222222222222;1.0;0.1
0.31765802685676253;0.4119486104075551;0.03703703703703703;1.0;0.0
0.5280023652721633;0.24234689515328273;-0.1111111111111111;1.0;0.1
0.6271018138860568;0.3823403443245457;0.03703703703703703;1.0;0.1
0.3084162630056465;0.5553796815658532;-0.3333333333333333;1.0;0.2
0.4233342380094414;0.5727727579800023;-0.1111111111111111;1.0;0.1
0.5435276184409655;0.4796200188145382;-0.3333333333333333;1.0;0.5
0.17117058083394082;0.4833070745323204;-0.1111111111111111;1.0;0.0
0.33712226808893975;0.29533696379245994;0.05555555555555555;1.0;0.0
